1 26 10 10 1
1 13 5 7 1
1 37 15 15 
1 17 15 7 1
1 33 15 7 2
1 29 2 18 1
1 10 7 14 1
1 27 6 3 1
1 3 7 2 1
1 31 18 9 1
2 34 10 10 1
2 15 5 13 1
2 32 2 2 1
2 19 15 15 1
2 41 15 15 2
2 7 9 2 1
2 1 16 6 1
2 23 18 12 1
2 6 5 10 1
2 4 5 18 1
3 35 10 10 1 
3 25 15 7 1
3 40 3 18 1
3 30 17 17 1
3 11 17 17 2
3 18 16 10 1
3 14 5 5 1
3 22 16 10 1
3 9 10 6 1
3 8 13 13 1
4 36 10 10 1
4 21 15 13 1
4 39 17 3 1
4 38 5 5 1
4 11 5 5 2
4 24 2 18 1
4 2 4 15 1
4 28 15 5 1
4 16 10 15 1
4 20 12 5 1